HLA1_chr6.all.0.02.gip.3:0.9997498562968706
HLA1_chr6.AMR.0.02.gip.3:0.9997401516887126
HLA1_chr6.EAS.0.02.gip.3:0.9997521916716477
HLA1_chr6.EUR.0.02.gip.3:0.9997641234226274
HLA1_chr6.SAS.0.02.gip.3:0.9997676925841312
HLA1_chr6.all.0.05.gip.3:0.9993794865453768
HLA1_chr6.AFR.0.05.gip.3:0.9992866140436387
HLA1_chr6.AMR.0.05.gip.3:0.9993536951515078
HLA1_chr6.EAS.0.05.gip.3:0.9993997808328352
HLA1_chr6.EUR.0.05.gip.3:0.9994144759872643
HLA1_chr6.SAS.0.05.gip.3:0.9994177340828777
HLA1_chr6.all.0.1.gip.3:0.9987826172684374
HLA1_chr6.AFR.0.1.gip.3:0.9985631001588818
HLA1_chr6.AMR.0.1.gip.3:0.9987290945703158
HLA1_chr6.EAS.0.1.gip.3:0.9988161652387594
HLA1_chr6.EUR.0.1.gip.3:0.9988372868359199
HLA1_chr6.SAS.0.1.gip.3:0.9988602818492184
HLA1_chr6.all.0.2.gip.3:0.9975518668039087
HLA1_chr6.AFR.0.2.gip.3:0.9971622810626729
HLA1_chr6.AMR.0.2.gip.3:0.9975293309056709
HLA1_chr6.EAS.0.2.gip.3:0.9976891977153484
HLA1_chr6.EUR.0.2.gip.3:0.9976579039490573
HLA1_chr6.SAS.0.2.gip.3:0.9976948943707165
HLA1_chr6.all.0.25.gip.3:0.9968983517585253
HLA1_chr6.AFR.0.25.gip.3:0.9964365516935795
HLA1_chr6.AMR.0.25.gip.3:0.996864336271448
HLA1_chr6.EAS.0.25.gip.3:0.9971433552500498
HLA1_chr6.EUR.0.25.gip.3:0.9971173881878345
HLA1_chr6.SAS.0.25.gip.3:0.997077547039043
HLA1_chr6.SAS.0.25.gip.3:0.997077547039043
HLA1_chr6.SAS.0.25.gip.3:0.988306366020501
HLA1_chr6.SAS.0.25.gip.3:0.997077547039043
HLA1_chr6.SAS.0.25.gip_edit.3:0.9721201153408459
HLA1_chr6.SAS.0.25.gip.3:0.997077547039043
HLA1_chr6.SAS.0.25.gip_edit.3:0.9968794653934681
